image: map.pgm
resolution: 0.1
origin: [-21.917589, -25.670832, 0.000000]
negate: 0
occupied_thresh: 0.65
free_thresh: 0.196
